puts/sec: 119817.87682722262
puts/sec: 119817.87682722262
clones/sec: 175070.0280112045

