puts/sec: 119118.52293031567
puts/sec: 118105.58639423644
clones/sec: 174246.38438752395

