puts/sec: 122085.21548040531
puts/sec: 120120.12012012013
clones/sec: 177304.9645390071

