puts/sec: 134462.8210299852
puts/sec: 120845.92145015106
clones/sec: 184467.81036709095

