puts/sec: 115420.12927054478
puts/sec: 112854.07967498024
clones/sec: 170125.8931609391

