puts/sec: 120992.13551119177
puts/sec: 119574.31543704413
clones/sec: 178762.9603146228

