puts/sec: 118920.2045427518
puts/sec: 115754.13821044103
clones/sec: 172592.33690024164

