puts/sec: 132292.63130043657
puts/sec: 132502.98131707963
clones/sec: 203583.06188925082

