puts/sec: 132731.61667109106
puts/sec: 121817.51735899624
clones/sec: 186219.73929236497

