puts/sec: 120105.69300984866
puts/sec: 119175.30687641521
clones/sec: 178731.00983020556

