puts/sec: 98784.94517435544
puts/sec: 99265.43577526306
clones/sec: 127713.92081736909

