puts/sec: 97589.53840148337
puts/sec: 98010.38910124474
clones/sec: 124719.38139186829

