puts/sec: 119317.50387781888
puts/sec: 115446.77903486491
clones/sec: 175685.17217146873

