puts/sec: 121966.09342602757
puts/sec: 120787.53472641624
clones/sec: 181719.06232963837

