puts/sec: 94517.95841209829
puts/sec: 93852.65133740028
clones/sec: 121684.10805548796

