puts/sec: 120554.55093429777
puts/sec: 116482.23645894
clones/sec: 178922.88423689388

