puts/sec: 117370.89201877936
puts/sec: 114955.74203931486
clones/sec: 170039.10899506885

