puts/sec: 116959.06432748536
puts/sec: 113186.19128466326
clones/sec: 166833.50016683352

