puts/sec: 98202.88716488265
puts/sec: 98745.92673052236
clones/sec: 126598.303582732

