puts/sec: 99472.79419078882
puts/sec: 100563.15366049878
clones/sec: 125801.98767140521

