puts/sec: 114064.10402646288
puts/sec: 107921.43319663285
clones/sec: 161786.11875101115

