puts/sec: 118934.34823977166
puts/sec: 115473.44110854503
clones/sec: 171821.3058419244

