puts/sec: 118764.84560570071
puts/sec: 115500.11550011551
clones/sec: 170561.14617090227

