puts/sec: 133797.16350013379
puts/sec: 123441.55042587334
clones/sec: 180440.2742692169

