puts/sec: 115673.7998843262
puts/sec: 112599.93244004053
clones/sec: 164663.26362588504

