puts/sec: 100100.1001001001
puts/sec: 100877.63542822556
clones/sec: 125944.58438287153

