puts/sec: 98077.67752059632
puts/sec: 98058.44283192782
clones/sec: 125376.12838515546

