puts/sec: 133226.7519317879
puts/sec: 124161.90712689346
clones/sec: 179275.72606669055

