puts/sec: 118021.95208308744
puts/sec: 114652.60261407934
clones/sec: 168833.3614722269

