puts/sec: 117591.7215428034
puts/sec: 114416.47597254004
clones/sec: 163773.33770062233

