puts/sec: 131302.52100840336
puts/sec: 133368.89837289945
clones/sec: 199203.18725099604

