puts/sec: 98019.99607920015
puts/sec: 98434.8853233586
clones/sec: 124269.91425375915

