puts/sec: 123533.04508956145
puts/sec: 123701.13805047006
clones/sec: 194137.06076490003

