puts/sec: 132310.13495633766
puts/sec: 124331.71702101207
clones/sec: 173852.57301808067

