puts/sec: 119531.43676786995
puts/sec: 115955.47309833023
clones/sec: 177022.4818551956

