puts/sec: 98687.45682423764
puts/sec: 98911.96834817014
clones/sec: 123258.9670898558

