puts/sec: 95020.90459901179
puts/sec: 100371.37408411122
clones/sec: 124424.53651860145

