puts/sec: 99970.00899730081
puts/sec: 99354.19771485346
clones/sec: 127599.84688018374

