puts/sec: 116009.2807424594
puts/sec: 113404.40009072353
clones/sec: 168861.87098953058

