puts/sec: 100482.3151125402
puts/sec: 98058.44283192782
clones/sec: 128303.82345393894

