puts/sec: 96311.27805065973
puts/sec: 99137.5037176564
clones/sec: 128254.45684237528

