puts/sec: 98823.99446585632
puts/sec: 99443.1185361973
clones/sec: 124906.32025980514

