puts/sec: 123243.77618930243
puts/sec: 117302.05278592375
clones/sec: 173550.85039916696

