puts/sec: 99413.46058256288
puts/sec: 98667.9822397632
clones/sec: 125187.78167250876

