puts/sec: 123365.4083395016
puts/sec: 121506.68286755771
clones/sec: 181818.18181818182

